0.000000000000000000e+00 3.471897875491246621e-01
5.210526315789473784e-02 3.471262512894882080e-01
1.042105263157894757e-01 3.465115086635982000e-01
1.563157894736842135e-01 3.454065773522040361e-01
2.084210526315789513e-01 3.438557383229792763e-01
2.605263157894737169e-01 3.418890813418520302e-01
3.126315789473684270e-01 3.395212505566448935e-01
3.647368421052631371e-01 3.367540240727932566e-01
4.168421052631579027e-01 3.335754681677700062e-01
4.689473684210526683e-01 3.299599171728263558e-01
5.210526315789474339e-01 3.258682943419967115e-01
5.731578947368420884e-01 3.212480057772889031e-01
6.252631578947368540e-01 3.160311818602205003e-01
6.773684210526316196e-01 3.101337263637347075e-01
7.294736842105262742e-01 3.034490065929189573e-01
7.815789473684210398e-01 2.958342399838523873e-01
8.336842105263158054e-01 2.870768196493202473e-01
8.857894736842105710e-01 2.768063889304932523e-01
9.378947368421053365e-01 2.642006404904166939e-01
9.899999999999999911e-01 2.454877008441674335e-01
