0.000000000000000000e+00 3.513763859770391207e+01
5.210526315789473784e-02 3.512775355931238863e+01
1.042105263157894757e-01 3.544082612936680476e+01
1.563157894736842135e-01 3.604493975819099916e+01
2.084210526315789513e-01 3.694507384437639530e+01
2.605263157894737169e-01 3.813792872073842943e+01
3.126315789473684270e-01 3.964493674943942381e+01
3.647368421052631371e-01 4.150016227349305353e+01
4.168421052631579027e-01 4.375831546491524904e+01
4.689473684210526683e-01 4.649159261899946927e+01
5.210526315789474339e-01 4.979577083713828500e+01
5.731578947368420884e-01 5.379799472693076723e+01
6.252631578947368540e-01 5.863650254781644122e+01
6.773684210526316196e-01 6.444908724932240318e+01
7.294736842105262742e-01 7.130785284225534326e+01
7.815789473684210398e-01 7.909535666605398774e+01
8.336842105263158054e-01 8.734534179109897423e+01
8.857894736842105710e-01 9.519261843434556170e+01
9.378947368421053365e-01 1.016757315807329860e+02
9.899999999999999911e-01 1.063596622189859886e+02
