0.000000000000000000e+00 2.639581336694521951e+02
2.020408163265306062e-02 2.638883298782911311e+02
4.040816326530612124e-02 2.639520741514685369e+02
6.061224489795918186e-02 2.641387340240019626e+02
8.081632653061224247e-02 2.644171945046707606e+02
1.010204081632652962e-01 2.648353053029674697e+02
1.212244897959183637e-01 2.653896289111810916e+02
1.414285714285714313e-01 2.660230471635637173e+02
1.616326530612244849e-01 2.667622407343095006e+02
1.818367346938775386e-01 2.675851247972959186e+02
2.020408163265305923e-01 2.685117603820115164e+02
2.222448979591836737e-01 2.695307127554419253e+02
2.424489795918367274e-01 2.706133960152829445e+02
2.626530612244897811e-01 2.718410806613792374e+02
2.828571428571428625e-01 2.731379813217283186e+02
3.030612244897958885e-01 2.745251375302335077e+02
3.232653061224489699e-01 2.759968187010936163e+02
3.434693877551020513e-01 2.775633587973883891e+02
3.636734693877550773e-01 2.792236371913360813e+02
3.838775510204081587e-01 2.809752128291320332e+02
4.040816326530611846e-01 2.828265558754289941e+02
4.242857142857142660e-01 2.847733104914062210e+02
4.444897959183673475e-01 2.868270673320413380e+02
4.646938775510203734e-01 2.889827189605791773e+02
4.848979591836734548e-01 2.912498799357105099e+02
5.051020408163264808e-01 2.936328101645361812e+02
5.253061224489795622e-01 2.961322051619676472e+02
5.455102040816326436e-01 2.987584245215666101e+02
5.657142857142857251e-01 3.015139907315208347e+02
5.859183673469388065e-01 3.044060073566774349e+02
6.061224489795917769e-01 3.074424970999250490e+02
6.263265306122448584e-01 3.106277370364048238e+02
6.465306122448979398e-01 3.139708405060933956e+02
6.667346938775510212e-01 3.174787667179883783e+02
6.869387755102041027e-01 3.211633653410131615e+02
7.071428571428570731e-01 3.250282684147254599e+02
7.273469387755101545e-01 3.290901774942034876e+02
7.475510204081632359e-01 3.333562722838126433e+02
7.677551020408163174e-01 3.378343002924734719e+02
7.879591836734693988e-01 3.425556304301206865e+02
8.081632653061223692e-01 3.475219806993925999e+02
8.283673469387754507e-01 3.527613029841496086e+02
8.485714285714285321e-01 3.582959429647421530e+02
8.687755102040816135e-01 3.641669363231997636e+02
8.889795918367346950e-01 3.703838920774499570e+02
9.091836734693877764e-01 3.771292239749993769e+02
9.293877551020407468e-01 3.843961550248222352e+02
9.495918367346938282e-01 3.924060507019086117e+02
9.697959183673469097e-01 4.016230027847777819e+02
9.899999999999999911e-01 4.135979891121384640e+02
