0.000000000000000000e+00 6.162334132577339574e+01
5.210526315789473784e-02 6.161640887730767702e+01
1.042105263157894757e-01 6.155004390630620748e+01
1.563157894736842135e-01 6.142943366456063359e+01
2.084210526315789513e-01 6.125726952398534308e+01
2.605263157894737169e-01 6.103476484440124494e+01
3.126315789473684270e-01 6.076152955518455911e+01
3.647368421052631371e-01 6.043907834722150341e+01
4.168421052631579027e-01 6.006779504928207558e+01
4.689473684210526683e-01 5.964531697782977204e+01
5.210526315789474339e-01 5.915499481675895765e+01
5.731578947368420884e-01 5.856794011744759132e+01
6.252631578947368540e-01 5.787065967401994726e+01
6.773684210526316196e-01 5.710572893549042561e+01
7.294736842105262742e-01 5.627216264760617292e+01
7.815789473684210398e-01 5.530649894878501271e+01
8.336842105263158054e-01 5.418148979042468483e+01
8.857894736842105710e-01 5.280253408526176884e+01
9.378947368421053365e-01 5.100396211771419530e+01
9.899999999999999911e-01 4.810883434049240037e+01
