0.000000000000000000e+00 5.528466695673396991e+00
5.210526315789473784e-02 5.526885908114124391e+00
1.042105263157894757e-01 5.602696888402583397e+00
1.563157894736842135e-01 5.750279403064794792e+00
2.084210526315789513e-01 5.969316931366797085e+00
2.605263157894737169e-01 6.259638157308992312e+00
3.126315789473684270e-01 6.627524787504176729e+00
3.647368421052631371e-01 7.082888280910062839e+00
4.168421052631579027e-01 7.643900903001203950e+00
4.689473684210526683e-01 8.344137254437841378e+00
5.210526315789474339e-01 9.226743369731856603e+00
5.731578947368420884e-01 1.033276251198216400e+01
6.252631578947368540e-01 1.172460230079520649e+01
6.773684210526316196e-01 1.345077177922617118e+01
7.294736842105262742e-01 1.550862308503336173e+01
7.815789473684210398e-01 1.815244095561724436e+01
8.336842105263158054e-01 2.128479612012851163e+01
8.857894736842105710e-01 2.444495037545960514e+01
9.378947368421053365e-01 2.721202690223252318e+01
9.899999999999999911e-01 2.928353906620278124e+01
