0.000000000000000000e+00 7.965465827792005127e-02
2.020408163265306062e-02 7.964944556867495362e-02
4.040816326530612124e-02 7.966638622172209083e-02
6.061224489795918186e-02 7.971534211333758391e-02
8.081632653061224247e-02 7.979047664952014507e-02
1.010204081632652962e-01 7.988445944006962451e-02
1.212244897959183637e-01 8.001094798090029048e-02
1.414285714285714313e-01 8.016603835643475173e-02
1.616326530612244849e-01 8.034176928419518859e-02
1.818367346938775386e-01 8.054429960537039246e-02
2.020408163265305923e-01 8.076883839371816476e-02
2.222448979591836737e-01 8.101918472646552072e-02
2.424489795918367274e-01 8.129060320751177460e-02
2.626530612244897811e-01 8.158444250942219200e-02
2.828571428571428625e-01 8.190348731790117465e-02
3.030612244897958885e-01 8.225414914006073941e-02
3.232653061224489699e-01 8.262206898717522341e-02
3.434693877551020513e-01 8.301278945603356163e-02
3.636734693877550773e-01 8.343285823337413809e-02
3.838775510204081587e-01 8.387823968454413692e-02
4.040816326530611846e-01 8.435227293721914155e-02
4.242857142857142660e-01 8.485496054623918594e-02
4.444897959183673475e-01 8.538899052669268741e-02
4.646938775510203734e-01 8.595234143887285627e-02
4.848979591836734548e-01 8.655770569234928768e-02
5.051020408163264808e-01 8.719159126179981678e-02
5.253061224489795622e-01 8.787315069342659102e-02
5.455102040816326436e-01 8.860007648433396166e-02
5.657142857142857251e-01 8.937368040813654935e-02
5.859183673469388065e-01 9.019689054780699600e-02
6.061224489795917769e-01 9.108999483541217745e-02
6.263265306122448584e-01 9.203104199229815430e-02
6.465306122448979398e-01 9.304189627630772563e-02
6.667346938775510212e-01 9.412976198030235941e-02
6.869387755102041027e-01 9.529470273176990358e-02
7.071428571428570731e-01 9.655708753721871374e-02
7.273469387755101545e-01 9.791887826248991955e-02
7.475510204081632359e-01 9.940088460250828817e-02
7.677551020408163174e-01 1.010146429894994702e-01
7.879591836734693988e-01 1.027853856508891411e-01
8.081632653061223692e-01 1.047323551868547670e-01
8.283673469387754507e-01 1.068992794286575121e-01
8.485714285714285321e-01 1.093224961259215144e-01
8.687755102040816135e-01 1.120747625629784638e-01
8.889795918367346950e-01 1.152412219075944488e-01
9.091836734693877764e-01 1.189569733747854047e-01
9.293877551020407468e-01 1.234850153472929896e-01
9.495918367346938282e-01 1.292915454309682133e-01
9.697959183673469097e-01 1.376143968848611565e-01
9.899999999999999911e-01 1.546904929047897836e-01
