0.000000000000000000e+00 4.843462088976316977e+02
5.210526315789473784e-02 4.843315729517422596e+02
1.042105263157894757e-01 4.846590002393355689e+02
1.563157894736842135e-01 4.853014192501019011e+02
2.084210526315789513e-01 4.862291531698717222e+02
2.605263157894737169e-01 4.874210967238007584e+02
3.126315789473684270e-01 4.888693649686415483e+02
3.647368421052631371e-01 4.905665803119500765e+02
4.168421052631579027e-01 4.925199697758832826e+02
4.689473684210526683e-01 4.947094569821376240e+02
5.210526315789474339e-01 4.971678324592560898e+02
5.731578947368420884e-01 4.998770918857656511e+02
6.252631578947368540e-01 5.028437745441055995e+02
6.773684210526316196e-01 5.060200547952765646e+02
7.294736842105262742e-01 5.093298196029177234e+02
7.815789473684210398e-01 5.126120818600580833e+02
8.336842105263158054e-01 5.156469876692548269e+02
8.857894736842105710e-01 5.181861195758606300e+02
9.378947368421053365e-01 5.200674162379266363e+02
9.899999999999999911e-01 5.213348324609472684e+02
