0.000000000000000000e+00 1.866216501671904560e-01
2.020408163265306062e-02 1.865923718251003283e-01
4.040816326530612124e-02 1.867170125527466418e-01
6.061224489795918186e-02 1.869958230345070693e-01
8.081632653061224247e-02 1.874405216302119370e-01
1.010204081632652962e-01 1.880314990214770887e-01
1.212244897959183637e-01 1.887695043400299810e-01
1.414285714285714313e-01 1.896345230192525155e-01
1.616326530612244849e-01 1.906674170384044520e-01
1.818367346938775386e-01 1.918492556314897735e-01
2.020408163265305923e-01 1.931774532171143532e-01
2.222448979591836737e-01 1.946666497202364232e-01
2.424489795918367274e-01 1.963353147310565594e-01
2.626530612244897811e-01 1.981579246523899329e-01
2.828571428571428625e-01 2.001599314448448130e-01
3.030612244897958885e-01 2.023565768643632301e-01
3.232653061224489699e-01 2.047790633512309999e-01
3.434693877551020513e-01 2.073962839581200146e-01
3.636734693877550773e-01 2.102818966834357761e-01
3.838775510204081587e-01 2.134441362415481491e-01
4.040816326530611846e-01 2.169057763675710515e-01
4.242857142857142660e-01 2.207194829020319715e-01
4.444897959183673475e-01 2.249150197570555787e-01
4.646938775510203734e-01 2.295434190399733843e-01
4.848979591836734548e-01 2.346745882782258763e-01
5.051020408163264808e-01 2.403766977821004680e-01
5.253061224489795622e-01 2.467362137108686793e-01
5.455102040816326436e-01 2.538563699560558162e-01
5.657142857142857251e-01 2.618754783646040085e-01
5.859183673469388065e-01 2.709392369786899901e-01
6.061224489795917769e-01 2.812427001962042872e-01
6.263265306122448584e-01 2.930193675998259972e-01
6.465306122448979398e-01 3.065567946914280473e-01
6.667346938775510212e-01 3.222196732716228751e-01
6.869387755102041027e-01 3.404662507575706987e-01
7.071428571428570731e-01 3.618747147328095215e-01
7.273469387755101545e-01 3.871750348417912213e-01
7.475510204081632359e-01 4.173247868709815123e-01
7.677551020408163174e-01 4.535654441422289906e-01
7.879591836734693988e-01 4.975222705747759933e-01
8.081632653061223692e-01 5.513697498369287686e-01
8.283673469387754507e-01 6.180823596038200751e-01
8.485714285714285321e-01 7.016590281313801469e-01
8.687755102040816135e-01 8.081002350999758610e-01
8.889795918367346950e-01 9.455293025507125471e-01
9.091836734693877764e-01 1.126607990114936619e+00
9.293877551020407468e-01 1.371338329739957507e+00
9.495918367346938282e-01 1.714414336787629667e+00
9.697959183673469097e-01 2.227466024597954952e+00
9.899999999999999911e-01 3.140811158614988940e+00
