0.000000000000000000e+00 2.686284997854856638e+00
7.071428571428571563e-02 2.684504184410492655e+00
1.414285714285714313e-01 2.674973493785197665e+00
2.121428571428571330e-01 2.658724727996326642e+00
2.828571428571428625e-01 2.636377897350669297e+00
3.535714285714285920e-01 2.608165300909008888e+00
4.242857142857142660e-01 2.573950297170333634e+00
4.949999999999999956e-01 2.533232418887685800e+00
5.657142857142857251e-01 2.485140893497733483e+00
6.364285714285714546e-01 2.428421756084980121e+00
7.071428571428571841e-01 2.361367066719251451e+00
7.778571428571429136e-01 2.281576015494241716e+00
8.485714285714285321e-01 2.185131465594044808e+00
9.192857142857142616e-01 2.063497943206837881e+00
9.899999999999999911e-01 1.875623439646154855e+00
