0.000000000000000000e+00 3.965137339460347903e+02
5.210526315789473784e-02 3.964824919027373085e+02
1.042105263157894757e-01 3.970719040627125196e+02
1.563157894736842135e-01 3.982210052183399398e+02
2.084210526315789513e-01 3.998953989549260086e+02
2.605263157894737169e-01 4.020551860478650497e+02
3.126315789473684270e-01 4.046895192433076431e+02
3.647368421052631371e-01 4.077975489678892131e+02
4.168421052631579027e-01 4.113933085572094797e+02
4.689473684210526683e-01 4.154979843112283788e+02
5.210526315789474339e-01 4.201350388731009957e+02
5.731578947368420884e-01 4.253412800069731929e+02
6.252631578947368540e-01 4.311093355931045039e+02
6.773684210526316196e-01 4.373957075836653416e+02
7.294736842105262742e-01 4.440773121768451688e+02
7.815789473684210398e-01 4.508559478774361651e+02
8.336842105263158054e-01 4.572525322387025994e+02
8.857894736842105710e-01 4.627246316274346896e+02
9.378947368421053365e-01 4.668641253682628189e+02
9.899999999999999911e-01 4.696877285113687890e+02
