0.000000000000000000e+00 4.843535241332942292e+02
2.020408163265306062e-02 4.843169195130726052e+02
4.040816326530612124e-02 4.843392480869875385e+02
6.061224489795918186e-02 4.844181858999185692e+02
8.081632653061224247e-02 4.845430272646613048e+02
1.010204081632652962e-01 4.847159749994083313e+02
1.212244897959183637e-01 4.848835041014555713e+02
1.414285714285714313e-01 4.851994951846141362e+02
1.616326530612244849e-01 4.855045821712796510e+02
1.818367346938775386e-01 4.858509017221821296e+02
2.020408163265305923e-01 4.862337989665605278e+02
2.222448979591836737e-01 4.866527064121156627e+02
2.424489795918367274e-01 4.870567669609198447e+02
2.626530612244897811e-01 4.876012359532533083e+02
2.828571428571428625e-01 4.881255764000273984e+02
3.030612244897958885e-01 4.886841419844781171e+02
3.232653061224489699e-01 4.892781710522351659e+02
3.434693877551020513e-01 4.898960416124826907e+02
3.636734693877550773e-01 4.905552033309324429e+02
3.838775510204081587e-01 4.912460639930069419e+02
4.040816326530611846e-01 4.919621224303021449e+02
4.242857142857142660e-01 4.927152701440793408e+02
4.444897959183673475e-01 4.934984274394919908e+02
4.646938775510203734e-01 4.943162698194011568e+02
4.848979591836734548e-01 4.951647677550637923e+02
5.051020408163264808e-01 4.960464432853419225e+02
5.253061224489795622e-01 4.969648231293453478e+02
5.455102040816326436e-01 4.979176841511733755e+02
5.657142857142857251e-01 4.989027871898386479e+02
5.859183673469388065e-01 4.999257710739573213e+02
6.061224489795917769e-01 5.009862064581252525e+02
6.263265306122448584e-01 5.020820393324240740e+02
6.465306122448979398e-01 5.032152036274416105e+02
6.667346938775510212e-01 5.043859274903228425e+02
6.869387755102041027e-01 5.055960226259310843e+02
7.071428571428570731e-01 5.068487437422813287e+02
7.273469387755101545e-01 5.081353882701356497e+02
7.475510204081632359e-01 5.094741770548063755e+02
7.677551020408163174e-01 5.108389634148736604e+02
7.879591836734693988e-01 5.122498472362492521e+02
8.081632653061223692e-01 5.137084891820610437e+02
8.283673469387754507e-01 5.152097752830040918e+02
8.485714285714285321e-01 5.167637073208003358e+02
8.687755102040816135e-01 5.183703073770718674e+02
8.889795918367346950e-01 5.200401023129555824e+02
9.091836734693877764e-01 5.217850268078880163e+02
9.293877551020407468e-01 5.236211013730384138e+02
9.495918367346938282e-01 5.255864274294207235e+02
9.697959183673469097e-01 5.277915216375912451e+02
9.899999999999999911e-01 5.305901867414295339e+02
