0.000000000000000000e+00 5.641943803019300958e+02
5.210526315789473784e-02 5.641952600212281368e+02
1.042105263157894757e-01 5.641810138449857277e+02
1.563157894736842135e-01 5.641605209875839364e+02
2.084210526315789513e-01 5.640744771335364476e+02
2.605263157894737169e-01 5.640296395770200206e+02
3.126315789473684270e-01 5.639824135705944173e+02
3.647368421052631371e-01 5.639166669371234093e+02
4.168421052631579027e-01 5.638854353839072928e+02
4.689473684210526683e-01 5.637840290147601081e+02
5.210526315789474339e-01 5.636748860379910866e+02
5.731578947368420884e-01 5.635405370002931704e+02
6.252631578947368540e-01 5.633760235642357657e+02
6.773684210526316196e-01 5.631852873063224934e+02
7.294736842105262742e-01 5.629639169013230457e+02
7.815789473684210398e-01 5.627195999233172188e+02
8.336842105263158054e-01 5.624604955803650910e+02
8.857894736842105710e-01 5.622107058417878989e+02
9.378947368421053365e-01 5.620126197189156301e+02
9.899999999999999911e-01 5.618765399393303142e+02
