0.000000000000000000e+00 3.513855180864975125e+01
2.020408163265306062e-02 3.511663686251936412e+01
4.040816326530612124e-02 3.514267091205191207e+01
6.061224489795918186e-02 3.521743185205921378e+01
8.081632653061224247e-02 3.533524471413756629e+01
1.010204081632652962e-01 3.550616027183048828e+01
1.212244897959183637e-01 3.571610197991151381e+01
1.414285714285714313e-01 3.596923043115834417e+01
1.616326530612244849e-01 3.626453301620936287e+01
1.818367346938775386e-01 3.660102922875913123e+01
2.020408163265305923e-01 3.697515699885583018e+01
2.222448979591836737e-01 3.739472017390675518e+01
2.424489795918367274e-01 3.785670444475137941e+01
2.626530612244897811e-01 3.836519897193236517e+01
2.828571428571428625e-01 3.891371515962229921e+01
3.030612244897958885e-01 3.950730480728478966e+01
3.232653061224489699e-01 4.014752596362736625e+01
3.434693877551020513e-01 4.083638613256584904e+01
3.636734693877550773e-01 4.157726915759093345e+01
3.838775510204081587e-01 4.237146991994896439e+01
4.040816326530611846e-01 4.322242442937488960e+01
4.242857142857142660e-01 4.413395719549668428e+01
4.444897959183673475e-01 4.511068377212218650e+01
4.646938775510203734e-01 4.615614445295725687e+01
4.848979591836734548e-01 4.727669964058132734e+01
5.051020408163264808e-01 4.847620391590048428e+01
5.253061224489795622e-01 4.976317573397488303e+01
5.455102040816326436e-01 5.114387592035206609e+01
5.657142857142857251e-01 5.262690566508757684e+01
5.859183673469388065e-01 5.422114550428093338e+01
6.061224489795917769e-01 5.593635122920925795e+01
6.263265306122448584e-01 5.778477193525719002e+01
6.465306122448979398e-01 5.977753446643027502e+01
6.667346938775510212e-01 6.193152102634150680e+01
6.869387755102041027e-01 6.426073889532305827e+01
7.071428571428570731e-01 6.678434885706019486e+01
7.273469387755101545e-01 6.952336804185085839e+01
7.475510204081632359e-01 7.250236639078583778e+01
7.677551020408163174e-01 7.574691144987286862e+01
7.879591836734693988e-01 7.929206805751842069e+01
8.081632653061223692e-01 8.317660409787296771e+01
8.283673469387754507e-01 8.744691965767262332e+01
8.485714285714285321e-01 9.216174650523795719e+01
8.687755102040816135e-01 9.739606335068401677e+01
8.889795918367346950e-01 1.032484959307715542e+02
9.091836734693877764e-01 1.098585152779755276e+02
9.293877551020407468e-01 1.174281063810320092e+02
9.495918367346938282e-01 1.262968981563659838e+02
9.697959183673469097e-01 1.371644726049814551e+02
9.899999999999999911e-01 1.524523967251012664e+02
