0.000000000000000000e+00 3.939859056166013229e-02
2.020408163265306062e-02 3.939344192482173435e-02
4.040816326530612124e-02 3.940025855441802588e-02
6.061224489795918186e-02 3.941832222138190456e-02
8.081632653061224247e-02 3.945713330728997659e-02
1.010204081632652962e-01 3.950636068953385788e-02
1.212244897959183637e-01 3.956200945065484198e-02
1.414285714285714313e-01 3.963591118208870806e-02
1.616326530612244849e-01 3.972014298111242736e-02
1.818367346938775386e-01 3.981514766244281800e-02
2.020408163265305923e-01 3.992426005173646542e-02
2.222448979591836737e-01 4.004250443929226883e-02
2.424489795918367274e-01 4.017022816847185679e-02
2.626530612244897811e-01 4.031146007712635426e-02
2.828571428571428625e-01 4.046232288639226016e-02
3.030612244897958885e-01 4.063117977089071575e-02
3.232653061224489699e-01 4.080330310974802227e-02
3.434693877551020513e-01 4.099455082834802672e-02
3.636734693877550773e-01 4.118769976391995630e-02
3.838775510204081587e-01 4.139440029768561707e-02
4.040816326530611846e-01 4.161983779006196010e-02
4.242857142857142660e-01 4.186160249058661770e-02
4.444897959183673475e-01 4.211272467193714897e-02
4.646938775510203734e-01 4.238155901201258458e-02
4.848979591836734548e-01 4.266344895283891159e-02
5.051020408163264808e-01 4.296557680980183508e-02
5.253061224489795622e-01 4.328220427869294146e-02
5.455102040816326436e-01 4.362100289134305392e-02
5.657142857142857251e-01 4.398712542691636529e-02
5.859183673469388065e-01 4.437022593668706744e-02
6.061224489795917769e-01 4.478057104298954760e-02
6.263265306122448584e-01 4.521786306421780172e-02
6.465306122448979398e-01 4.568268287475812234e-02
6.667346938775510212e-01 4.618107544950580262e-02
6.869387755102041027e-01 4.671530338101001489e-02
7.071428571428570731e-01 4.728610948475702597e-02
7.273469387755101545e-01 4.790338024838457914e-02
7.475510204081632359e-01 4.856890715997534691e-02
7.677551020408163174e-01 4.928772639553604534e-02
7.879591836734693988e-01 5.006781277298313904e-02
8.081632653061223692e-01 5.091376873717750468e-02
8.283673469387754507e-01 5.184597699861050180e-02
8.485714285714285321e-01 5.286802931384864540e-02
8.687755102040816135e-01 5.399508563420417351e-02
8.889795918367346950e-01 5.527547796248528239e-02
9.091836734693877764e-01 5.671976631675453018e-02
9.293877551020407468e-01 5.838802626255276684e-02
9.495918367346938282e-01 6.037891209861429020e-02
9.697959183673469097e-01 6.288977187994101992e-02
9.899999999999999911e-01 6.668595144401220920e-02
