0.000000000000000000e+00 5.295483581318448429e+00
1.100000000000000006e-01 5.286295922898569088e+00
2.200000000000000011e-01 5.242369840597278063e+00
3.300000000000000155e-01 5.167525950608756524e+00
4.400000000000000022e-01 5.061190334540829561e+00
5.500000000000000444e-01 4.918755913290743464e+00
6.600000000000000311e-01 4.734077786894498985e+00
7.700000000000000178e-01 4.511210632091094297e+00
8.800000000000000044e-01 4.293815518352934291e+00
9.899999999999999911e-01 4.155147205073964400e+00
