0.000000000000000000e+00 1.906466364264068014e+00
5.210526315789473784e-02 1.906105558848810944e+00
1.042105263157894757e-01 1.902617658613443563e+00
1.563157894736842135e-01 1.896347019690023838e+00
2.084210526315789513e-01 1.887548495175888741e+00
2.605263157894737169e-01 1.876387327901625435e+00
3.126315789473684270e-01 1.862949793653279507e+00
3.647368421052631371e-01 1.847245925251224108e+00
4.168421052631579027e-01 1.829206419639886949e+00
4.689473684210526683e-01 1.808686941945044424e+00
5.210526315789474339e-01 1.785465979304758699e+00
5.731578947368420884e-01 1.759243459036044843e+00
6.252631578947368540e-01 1.729636762698297359e+00
6.773684210526316196e-01 1.696169417574058480e+00
7.294736842105262742e-01 1.658237367348818658e+00
7.815789473684210398e-01 1.615034605679657620e+00
8.336842105263158054e-01 1.565364167831872377e+00
8.857894736842105710e-01 1.507135332786341264e+00
9.378947368421053365e-01 1.435719138570594744e+00
9.899999999999999911e-01 1.329838619479442041e+00
