0.000000000000000000e+00 5.595099088586763525e-02
5.210526315789473784e-02 5.595164779921329296e-02
1.042105263157894757e-01 5.608191361924712987e-02
1.563157894736842135e-01 5.632600568063760027e-02
2.084210526315789513e-01 5.669944631295030513e-02
2.605263157894737169e-01 5.717335868578547059e-02
3.126315789473684270e-01 5.776191546782266650e-02
3.647368421052631371e-01 5.847153109134297505e-02
4.168421052631579027e-01 5.931545766444825535e-02
4.689473684210526683e-01 6.030469084993676787e-02
5.210526315789474339e-01 6.147213793549465705e-02
5.731578947368420884e-01 6.284635314051134625e-02
6.252631578947368540e-01 6.445376247291671745e-02
6.773684210526316196e-01 6.630597148633797511e-02
7.294736842105262742e-01 6.848850141719128870e-02
7.815789473684210398e-01 7.089540934820885709e-02
8.336842105263158054e-01 7.342838082676111933e-02
8.857894736842105710e-01 7.589014374312576250e-02
9.378947368421053365e-01 7.805702521992045895e-02
9.899999999999999911e-01 8.008598588355665682e-02
