0.000000000000000000e+00 1.001264781529758068e+02
1.100000000000000006e-01 9.997029980637334745e+01
2.200000000000000011e-01 9.922292386953893129e+01
3.300000000000000155e-01 9.795049138020119983e+01
4.400000000000000022e-01 9.615339245186892470e+01
5.500000000000000444e-01 9.376544478938359362e+01
6.600000000000000311e-01 9.070166233365902997e+01
7.700000000000000178e-01 8.706157078075511890e+01
8.800000000000000044e-01 8.357902875933967834e+01
9.899999999999999911e-01 8.139410071425790250e+01
