0.000000000000000000e+00 5.618384178517270584e+02
5.210526315789473784e-02 5.618331781651646679e+02
1.042105263157894757e-01 5.618256594236236197e+02
1.563157894736842135e-01 5.618154521497335736e+02
2.084210526315789513e-01 5.617997979790858381e+02
2.605263157894737169e-01 5.617782830977445201e+02
3.126315789473684270e-01 5.617431305946906832e+02
3.647368421052631371e-01 5.617154166633930572e+02
4.168421052631579027e-01 5.616682730522277325e+02
4.689473684210526683e-01 5.616058685150441079e+02
5.210526315789474339e-01 5.615141969691826489e+02
5.731578947368420884e-01 5.614070985876451232e+02
6.252631578947368540e-01 5.612705955689033317e+02
6.773684210526316196e-01 5.610977902842046205e+02
7.294736842105262742e-01 5.608883492691218180e+02
7.815789473684210398e-01 5.606398575989193205e+02
8.336842105263158054e-01 5.603652913221425251e+02
8.857894736842105710e-01 5.600920056112188377e+02
9.378947368421053365e-01 5.598565293845430233e+02
9.899999999999999911e-01 5.596898323077087980e+02
