0.000000000000000000e+00 5.640371266462846052e+02
5.210526315789473784e-02 5.640322080390834572e+02
1.042105263157894757e-01 5.640194915249981022e+02
1.563157894736842135e-01 5.639982926616700070e+02
2.084210526315789513e-01 5.639071634509322166e+02
2.605263157894737169e-01 5.638560188394450279e+02
3.126315789473684270e-01 5.638589229118795174e+02
3.647368421052631371e-01 5.637868664011094779e+02
4.168421052631579027e-01 5.637053931005544882e+02
4.689473684210526683e-01 5.636025652738337612e+02
5.210526315789474339e-01 5.634782935530154191e+02
5.731578947368420884e-01 5.633304256209818277e+02
6.252631578947368540e-01 5.631645619864470973e+02
6.773684210526316196e-01 5.629521388863230413e+02
7.294736842105262742e-01 5.627148719905500229e+02
7.815789473684210398e-01 5.624483814882327124e+02
8.336842105263158054e-01 5.621737857578224293e+02
8.857894736842105710e-01 5.619118396169018297e+02
9.378947368421053365e-01 5.616370619246266642e+02
9.899999999999999911e-01 5.615256256441235791e+02
