0.000000000000000000e+00 5.629640272062708846e+02
2.020408163265306062e-02 5.629557522694354930e+02
4.040816326530612124e-02 5.629470595993958568e+02
6.061224489795918186e-02 5.629433506171649242e+02
8.081632653061224247e-02 5.629360690143377042e+02
1.010204081632652962e-01 5.629236583257496704e+02
1.212244897959183637e-01 5.629001807361247529e+02
1.414285714285714313e-01 5.628398105768438882e+02
1.616326530612244849e-01 5.628245029131614956e+02
1.818367346938775386e-01 5.628082317600615170e+02
2.020408163265305923e-01 5.627874683787947561e+02
2.222448979591836737e-01 5.627683186659198782e+02
2.424489795918367274e-01 5.628060744714804287e+02
2.626530612244897811e-01 5.627871443238677784e+02
2.828571428571428625e-01 5.627574744258175770e+02
3.030612244897958885e-01 5.627325769993368567e+02
3.232653061224489699e-01 5.627024145973739451e+02
3.434693877551020513e-01 5.626685297473703713e+02
3.636734693877550773e-01 5.626366396071042573e+02
3.838775510204081587e-01 5.626003706647470608e+02
4.040816326530611846e-01 5.625630601408448683e+02
4.242857142857142660e-01 5.625157610569705184e+02
4.444897959183673475e-01 5.624717110447450068e+02
4.646938775510203734e-01 5.624343468973897870e+02
4.848979591836734548e-01 5.623778980000901129e+02
5.051020408163264808e-01 5.623234962074742498e+02
5.253061224489795622e-01 5.622624497270454640e+02
5.455102040816326436e-01 5.622012935031028746e+02
5.657142857142857251e-01 5.621314936119712229e+02
5.859183673469388065e-01 5.620582441517312873e+02
6.061224489795917769e-01 5.619836314725082502e+02
6.263265306122448584e-01 5.618979656659546436e+02
6.465306122448979398e-01 5.618070665875594614e+02
6.667346938775510212e-01 5.617080282927482813e+02
6.869387755102041027e-01 5.616734034197139636e+02
7.071428571428570731e-01 5.614978017161549815e+02
7.273469387755101545e-01 5.613796221305037761e+02
7.475510204081632359e-01 5.612411816060806586e+02
7.677551020408163174e-01 5.611046263236626146e+02
7.879591836734693988e-01 5.609596690946483477e+02
8.081632653061223692e-01 5.607976749394417766e+02
8.283673469387754507e-01 5.606224587706511784e+02
8.485714285714285321e-01 5.604390674726261068e+02
8.687755102040816135e-01 5.602348168999100153e+02
8.889795918367346950e-01 5.600140194694565707e+02
9.091836734693877764e-01 5.597774069524751894e+02
9.293877551020407468e-01 5.595241930081983810e+02
9.495918367346938282e-01 5.592598757611452811e+02
9.697959183673469097e-01 5.589483675268625120e+02
9.899999999999999911e-01 5.586216678156316675e+02
