0.000000000000000000e+00 5.580592704694660455e-02
7.071428571428571563e-02 5.586255698014130217e-02
1.414285714285714313e-01 5.614480873229172470e-02
2.121428571428571330e-01 5.663624554069860567e-02
2.828571428571428625e-01 5.732523832890651372e-02
3.535714285714285920e-01 5.821576556514304612e-02
4.242857142857142660e-01 5.932063054422832826e-02
4.949999999999999956e-01 6.067851406067592546e-02
5.657142857142857251e-01 6.235617424686335647e-02
6.364285714285714546e-01 6.444619803582100903e-02
7.071428571428571841e-01 6.708874102249420823e-02
7.778571428571429136e-01 7.051830262891224665e-02
8.485714285714285321e-01 7.516212710723742252e-02
9.192857142857142616e-01 8.202120643463689520e-02
9.899999999999999911e-01 9.653737219994150409e-02
