0.000000000000000000e+00 5.528550242763491163e+00
2.020408163265306062e-02 5.522188805126019062e+00
4.040816326530612124e-02 5.528756487950613696e+00
6.061224489795918186e-02 5.547140549572568524e+00
8.081632653061224247e-02 5.577512728126415631e+00
1.010204081632652962e-01 5.618225202225243464e+00
1.212244897959183637e-01 5.669442747836924035e+00
1.414285714285714313e-01 5.731188711346743681e+00
1.616326530612244849e-01 5.803040921700721277e+00
1.818367346938775386e-01 5.884553865020632379e+00
2.020408163265305923e-01 5.976618711925310024e+00
2.222448979591836737e-01 6.078969491532673075e+00
2.424489795918367274e-01 6.192425307223909492e+00
2.626530612244897811e-01 6.316092740957810037e+00
2.828571428571428625e-01 6.450107935833013784e+00
3.030612244897958885e-01 6.595658039522263039e+00
3.232653061224489699e-01 6.753269378386517197e+00
3.434693877551020513e-01 6.923192881200463944e+00
3.636734693877550773e-01 7.106441657942658807e+00
3.838775510204081587e-01 7.303861066362538956e+00
4.040816326530611846e-01 7.517294635062323316e+00
4.242857142857142660e-01 7.747617262240227731e+00
4.444897959183673475e-01 7.998258105714666222e+00
4.646938775510203734e-01 8.270853317042426767e+00
4.848979591836734548e-01 8.567659118029919085e+00
5.051020408163264808e-01 8.890601175674492040e+00
5.253061224489795622e-01 9.242491276081992169e+00
5.455102040816326436e-01 9.625275462366589707e+00
5.657142857142857251e-01 1.004114719952839785e+01
5.859183673469388065e-01 1.049433188426336550e+01
6.061224489795917769e-01 1.098956898754208389e+01
6.263265306122448584e-01 1.153406727903569440e+01
6.465306122448979398e-01 1.213478385949590610e+01
6.667346938775510212e-01 1.279426230363587180e+01
6.869387755102041027e-01 1.350028018268719165e+01
7.071428571428570731e-01 1.425963878056528245e+01
7.273469387755101545e-01 1.510046878634834400e+01
7.475510204081632359e-01 1.605184608395707713e+01
7.677551020408163174e-01 1.714723410671836135e+01
7.879591836734693988e-01 1.842529876023112223e+01
8.081632653061223692e-01 1.991172968317381375e+01
8.283673469387754507e-01 2.158325040050091914e+01
8.485714285714285321e-01 2.348307566915066147e+01
8.687755102040816135e-01 2.567748272326210923e+01
8.889795918367346950e-01 2.823442429601895753e+01
9.091836734693877764e-01 3.123720628820976941e+01
9.293877551020407468e-01 3.483159569696485391e+01
9.495918367346938282e-01 3.924528180781029363e+01
9.697959183673469097e-01 4.493955949677315687e+01
9.899999999999999911e-01 5.344574834232304994e+01
