0.000000000000000000e+00 1.887601060400996573e+02
7.071428571428571563e-02 1.886448301847065068e+02
1.414285714285714313e-01 1.880170515934550792e+02
2.121428571428571330e-01 1.869530208410517105e+02
2.828571428571428625e-01 1.854847084328390281e+02
3.535714285714285920e-01 1.836318731881084148e+02
4.242857142857142660e-01 1.813784049924686315e+02
4.949999999999999956e-01 1.786983867498464349e+02
5.657142857142857251e-01 1.755271233902434744e+02
6.364285714285714546e-01 1.717799698177540222e+02
7.071428571428571841e-01 1.673435381920584177e+02
7.778571428571429136e-01 1.620501485799748025e+02
8.485714285714285321e-01 1.556362070436442195e+02
9.192857142857142616e-01 1.475236497115965619e+02
9.899999999999999911e-01 1.349528695992173084e+02
