0.000000000000000000e+00 4.851872102829801192e-01
7.071428571428571563e-02 4.848713869612502614e-01
1.414285714285714313e-01 4.831793173938570551e-01
2.121428571428571330e-01 4.802947221797720934e-01
2.828571428571428625e-01 4.763288143514166628e-01
3.535714285714285920e-01 4.713234413167696757e-01
4.242857142857142660e-01 4.652559234197344851e-01
4.949999999999999956e-01 4.580387933294892688e-01
5.657142857142857251e-01 4.495193720819513628e-01
6.364285714285714546e-01 4.394778200358405718e-01
7.071428571428571841e-01 4.276155446167937413e-01
7.778571428571429136e-01 4.135119914676155251e-01
8.485714285714285321e-01 3.964807377819443146e-01
9.192857142857142616e-01 3.750243849479345526e-01
9.899999999999999911e-01 3.419254026148940695e-01
