0.000000000000000000e+00 1.017669967979045609e+01
5.210526315789473784e-02 1.017560480038930670e+01
1.042105263157894757e-01 1.016492524372877071e+01
1.563157894736842135e-01 1.014614251588836069e+01
2.084210526315789513e-01 1.012022822794573429e+01
2.605263157894737169e-01 1.008734247181608090e+01
3.126315789473684270e-01 1.004621763333545381e+01
3.647368421052631371e-01 9.992149332123977601e+00
4.168421052631579027e-01 9.911329155646972922e+00
4.689473684210526683e-01 9.790955986636681985e+00
5.210526315789474339e-01 9.663646341349741320e+00
5.731578947368420884e-01 9.531674922090250135e+00
6.252631578947368540e-01 9.377340182778466371e+00
6.773684210526316196e-01 9.202052314068595251e+00
7.294736842105262742e-01 9.004311355644050607e+00
7.815789473684210398e-01 8.778371997330783216e+00
8.336842105263158054e-01 8.518332365016046737e+00
8.857894736842105710e-01 8.212906180583336990e+00
9.378947368421053365e-01 7.837376310958146242e+00
9.899999999999999911e-01 7.278513329058192483e+00
