0.000000000000000000e+00 1.244072415981521971e+02
2.020408163265306062e-02 1.243642921651545237e+02
4.040816326530612124e-02 1.244204267836991562e+02
6.061224489795918186e-02 1.245773400835398235e+02
8.081632653061224247e-02 1.248246776487868033e+02
1.010204081632652962e-01 1.251794625449369533e+02
1.212244897959183637e-01 1.256412264342873044e+02
1.414285714285714313e-01 1.261789746326657422e+02
1.616326530612244849e-01 1.268045140329445530e+02
1.818367346938775386e-01 1.275155952403738695e+02
2.020408163265305923e-01 1.283113535688488867e+02
2.222448979591836737e-01 1.291756515870738440e+02
2.424489795918367274e-01 1.301373826115004420e+02
2.626530612244897811e-01 1.311959947716263173e+02
2.828571428571428625e-01 1.323240415161860142e+02
3.030612244897958885e-01 1.335342174549224978e+02
3.232653061224489699e-01 1.348369506903642048e+02
3.434693877551020513e-01 1.362251862925947989e+02
3.636734693877550773e-01 1.377036628802500218e+02
3.838775510204081587e-01 1.392774579367894887e+02
4.040816326530611846e-01 1.409503325324985497e+02
4.242857142857142660e-01 1.427200967488053038e+02
4.444897959183673475e-01 1.446003019583953062e+02
4.646938775510203734e-01 1.465908971474966620e+02
4.848979591836734548e-01 1.487008473965712483e+02
5.051020408163264808e-01 1.509373185493856795e+02
5.253061224489795622e-01 1.533062403582896138e+02
5.455102040816326436e-01 1.558151014591102808e+02
5.657142857142857251e-01 1.584742525348276274e+02
5.859183673469388065e-01 1.612930344268091289e+02
6.061224489795917769e-01 1.642820895264977707e+02
6.263265306122448584e-01 1.674552134930491434e+02
6.465306122448979398e-01 1.708235116427320008e+02
6.667346938775510212e-01 1.744022475245368753e+02
6.869387755102041027e-01 1.782055918777366230e+02
7.071428571428570731e-01 1.822528617870044059e+02
7.273469387755101545e-01 1.865615707447418288e+02
7.475510204081632359e-01 1.911550178108145701e+02
7.677551020408163174e-01 1.960558658293381029e+02
7.879591836734693988e-01 2.012934587721953790e+02
8.081632653061223692e-01 2.069013357419975989e+02
8.283673469387754507e-01 2.129191137792313668e+02
8.485714285714285321e-01 2.193993393527879903e+02
8.687755102040816135e-01 2.264012969426901520e+02
8.889795918367346950e-01 2.339870621602567269e+02
9.091836734693877764e-01 2.423541848775019787e+02
9.293877551020407468e-01 2.516047584952663669e+02
9.495918367346938282e-01 2.620704239109497280e+02
9.697959183673469097e-01 2.744032028407470989e+02
9.899999999999999911e-01 2.909785508289395466e+02
