0.000000000000000000e+00 5.636540782189593983e+02
5.210526315789473784e-02 5.637127257070370661e+02
1.042105263157894757e-01 5.636940518132253146e+02
1.563157894736842135e-01 5.636701935293010592e+02
2.084210526315789513e-01 5.635754697967569200e+02
2.605263157894737169e-01 5.635181725252379010e+02
3.126315789473684270e-01 5.635157076456043796e+02
3.647368421052631371e-01 5.634372868956058937e+02
4.168421052631579027e-01 5.633426062457821217e+02
4.689473684210526683e-01 5.632179701328853980e+02
5.210526315789474339e-01 5.630859267955731866e+02
5.731578947368420884e-01 5.629184391508661065e+02
6.252631578947368540e-01 5.627168879396260763e+02
6.773684210526316196e-01 5.624856693067234801e+02
7.294736842105262742e-01 5.622148550619684784e+02
7.815789473684210398e-01 5.619099446064496988e+02
8.336842105263158054e-01 5.615919689272672031e+02
8.857894736842105710e-01 5.612891082312320350e+02
9.378947368421053365e-01 5.610271118155616250e+02
9.899999999999999911e-01 5.608433685394013537e+02
