0.000000000000000000e+00 5.635777988997316470e+02
5.210526315789473784e-02 5.636311579256306459e+02
1.042105263157894757e-01 5.636191699743246772e+02
1.563157894736842135e-01 5.635300449155932938e+02
2.084210526315789513e-01 5.634935172531066883e+02
2.605263157894737169e-01 5.634993838655967693e+02
3.126315789473684270e-01 5.634352046795538627e+02
3.647368421052631371e-01 5.633559026574399695e+02
4.168421052631579027e-01 5.632562786566317072e+02
4.689473684210526683e-01 5.631409985795517059e+02
5.210526315789474339e-01 5.629956948571448265e+02
5.731578947368420884e-01 5.628271267839297707e+02
6.252631578947368540e-01 5.626240448594007830e+02
6.773684210526316196e-01 5.623825331668440413e+02
7.294736842105262742e-01 5.621020973377309247e+02
7.815789473684210398e-01 5.617921459602204095e+02
8.336842105263158054e-01 5.614624768685634990e+02
8.857894736842105710e-01 5.611462250671423817e+02
9.378947368421053365e-01 5.608826342052614109e+02
9.899999999999999911e-01 5.606997828475828101e+02
