0.000000000000000000e+00 5.295476088384524438e+00
7.071428571428571563e-02 5.292029538212364770e+00
1.414285714285714313e-01 5.273578382422508426e+00
2.121428571428571330e-01 5.242116123778780334e+00
2.828571428571428625e-01 5.198832803018836657e+00
3.535714285714285920e-01 5.144174206810344430e+00
4.242857142857142660e-01 5.077853789028582199e+00
4.949999999999999956e-01 4.998889434389600872e+00
5.657142857142857251e-01 4.905567273316102650e+00
6.364285714285714546e-01 4.795417716124687146e+00
7.071428571428571841e-01 4.665079032182486429e+00
7.778571428571429136e-01 4.509809042800001500e+00
8.485714285714285321e-01 4.321881648734050785e+00
9.192857142857142616e-01 4.084459477221545676e+00
9.899999999999999911e-01 3.716825625857930859e+00
